17
0,0,24,24,12,12		//   0 = Catellite
24,0,24,24,12,12	//   1 = 
48,0,24,24,12,12	//   2 = 
72,0,24,24,12,12	//   3 = 
96,0,24,24,12,12	//   4 = 
0,24,24,24,12,12	//   5 = 
24,24,24,24,12,12	//   6 = 
48,24,24,24,12,12	//   7 = 
0,65,32,30,16,15	//   8 = Catellite Glow
32,65,32,30,16,15	//   9 = 
64,65,32,30,16,15	//   10 = 
96,65,32,30,16,15	//   11 = 
0,97,32,30,16,15	//   12 = 
32,97,32,30,16,15	//   13 = 
64,97,32,30,16,15	//   14 = 
96,97,32,30,16,15	//   15 = 
72,24,40,40,20,20	//   16 = Catellite Shield Bubble
