96
96,141,11,6,0,0		//   0 = Space
153,54,8,23,0,0		//   1 = !
164,60,14,13,0,2	//   2 = "
136,132,18,21,0,0	//   3 = #
218,80,18,28,0,0	//   4 = $
21,106,26,23,0,0	//   5 = %
50,106,25,23,0,0	//   6 = &
181,60,7,13,0,2		//   7 = '
186,80,13,28,0,3	//   8 = (
202,80,13,28,0,3	//   9 = )
192,111,15,13,0,-5	//  10 = *
74,132,19,19,0,-2	//  11 = +
78,117,8,12,0,-15	//  12 = ,
96,132,11,6,0,-8	//  13 = -
78,106,8,8,0,-15	//  14 = .
2,132,14,30,0,3		//  15 = /
2,80,16,23,0,0		//  16 = 0
21,80,11,23,0,0		//  17 = 1
35,80,16,23,0,0		//  18 = 2
54,80,15,23,0,0		//  19 = 3
72,80,17,23,0,0		//  20 = 4
92,80,15,23,0,0		//  21 = 5
110,80,17,23,0,0	//  22 = 6
130,80,16,23,0,0	//  23 = 7
149,80,15,23,0,0	//  24 = 8
167,80,16,23,0,0	//  25 = 9
89,106,8,17,0,0		//  26 = :
100,106,8,22,0,0	//  27 = ;
111,106,17,19,0,0	//  28 = <
131,106,18,11,0,-6	//  29 = =
152,106,17,19,0,0	//  30 = >
2,106,16,23,0,0		//  31 = ?
210,111,27,26,0,0	//  32 = @
2,2,25,23,0,0		//  33 = A
30,2,23,23,0,0		//  34 = B
56,2,22,23,0,0		//  35 = C
81,2,25,23,0,0		//  36 = D
109,2,22,23,0,0		//  37 = E
134,2,21,23,0,0		//  38 = F
158,2,25,23,0,0		//  39 = G
186,2,26,23,0,0		//  40 = H
215,2,14,23,0,0		//  41 = I
232,2,19,23,0,0		//  42 = J
2,28,26,23,0,0		//  43 = K
31,28,22,23,0,0		//  44 = L
56,28,30,23,0,0		//  45 = M
89,28,25,23,0,0		//  46 = N
117,28,24,23,0,0	//  47 = O
144,28,21,23,0,0	//  48 = P
168,28,25,29,0,0	//  49 = Q
196,28,26,23,0,0	//  50 = R
225,28,20,23,0,0	//  51 = S
2,54,23,23,0,0		//  52 = T
28,54,26,23,0,0		//  53 = U
57,54,26,23,0,0		//  54 = V
86,54,36,23,0,0		//  55 = W
125,54,25,23,0,0	//  56 = X
196,54,26,23,0,0	//  57 = Y
225,54,22,23,0,0	//  58 = Z
44,132,12,29,0,3	//  59 = [
27,132,14,30,0,3	//  60 = \
59,132,12,29,0,3	//  61 = ]
172,111,17,12,0,0	//  62 = ^
110,132,23,4,0,0	//  63 = _
2,165,16,23,0,0		//  64 = Alternate 0 (`)
21,165,16,23,0,0	//  65 = Alternate 1 (a)
40,165,16,23,0,0	//  66 = Alternate 2 (b)
59,165,16,23,0,0	//  67 = Alternate 3 (c)
78,165,16,23,0,0	//  68 = Alternate 4 (d)
97,165,16,23,0,0	//  69 = Alternate 5 (e)
116,165,16,23,0,0	//  70 = Alternate 6 (f)
135,165,16,23,0,0	//  71 = Alternate 7 (g)
154,165,16,23,0,0	//  72 = Alternate 8 (h)
173,165,16,23,0,0	//  73 = Alternate 9 (i)
2,165,16,23,8,11	//  74 = Lives 0 (j)
21,165,16,23,8,11	//  75 = Lives 1 (k)
40,165,16,23,8,11	//  76 = Lives 2 (l)
59,165,16,23,8,11	//  77 = Lives 3 (m)
78,165,16,23,8,11	//  78 = Lives 4 (n)
97,165,16,23,8,11	//  79 = Lives 5 (o)
116,165,16,23,8,11	//  80 = Lives 6 (p)
135,165,16,23,8,11	//  81 = Lives 7 (q)
154,165,16,23,8,11	//  82 = Lives 8 (r)
173,165,16,23,8,11	//  83 = Lives 9 (s)
2,191,27,23,14,11	//  84 = Lives 10 (t)
32,191,22,23,11,11	//  85 = Lives 11 (u)
57,191,27,23,14,11	//  86 = Lives 12 (v)
87,191,26,23,13,11	//  87 = Lives 13 (w)
116,191,28,23,14,11	//  88 = Lives 14 (x)
147,191,26,23,13,11	//  89 = Lives 15 (y)
176,191,27,23,12,11	//  90 = Lives 16 (z)
192,161,57,27,28,13	//  91 = Lives Too Many ({)
2,217,89,23,0,0		//  92 = Delete (|)
94,217,81,23,0,0	//  93 = Finish (})
44,132,12,29,8,3	//  94 = [
59,132,12,29,2,3	//  95 = ]
