59
96,108,6,18,0,8		//   0 = Space
32,90,6,18,0,8		//   1 = !
48,90,8,18,0,8		//   2 = "
112,54,11,18,0,8	//   3 = #
96,108,1,18,0,8		//   4 = $
96,108,1,18,0,8		//   5 = %
64,90,14,18,0,8		//   6 = &
80,54,5,18,0,8		//   7 = '
80,90,8,18,0,8		//   8 = (
96,90,8,18,0,8		//   9 = )
96,108,1,18,0,8		//  10 = *
64,54,10,18,0,8		//  11 = +
80,108,6,18,0,8		//  12 = ,
48,54,7,18,0,8		//  13 = -
64,108,5,18,0,8		//  14 = .
96,108,1,18,0,8		//  15 = /
16,90,10,18,0,8		//  16 = 0
0,72,8,18,0,8		//  17 = 1
16,72,10,18,0,8		//  18 = 2
32,72,9,18,0,8		//  19 = 3
48,72,9,18,0,8		//  20 = 4
64,72,9,18,0,8		//  21 = 5
80,72,9,18,0,8		//  22 = 6
96,72,9,18,0,8		//  23 = 7
112,72,9,18,0,8		//  24 = 8
0,90,9,18,0,8		//  25 = 9
0,127,48,1,0,0		//  26 = :
8,127,32,1,0,0		//  27 = ;
0,108,10,18,0,8		//  28 = <
16,108,10,18,0,8	//  29 = =
32,108,10,18,0,8	//  30 = >
48,108,10,18,0,8	//  31 = ?
96,54,15,18,0,8		//  32 = @
0,0,14,18,0,8		//  33 = A
16,0,13,18,0,8		//  34 = B
32,0,13,18,0,8		//  35 = C
48,0,14,18,0,8		//  36 = D
64,0,13,18,0,8		//  37 = E
80,0,13,18,0,8		//  38 = F
96,0,14,18,0,8		//  39 = G
112,0,15,18,0,8		//  40 = H
0,18,6,18,0,8		//  41 = I
16,18,10,18,0,8		//  42 = J
32,18,14,18,0,8		//  43 = K
48,18,12,18,0,8		//  44 = L
64,18,16,18,0,8		//  45 = M
80,18,14,18,0,8		//  46 = N
96,18,13,18,0,8		//  47 = O
112,18,12,18,0,8	//  48 = P
0,36,14,18,0,8		//  49 = Q
16,36,14,18,0,8		//  50 = R
32,36,11,18,0,8		//  51 = S
48,36,13,18,0,8		//  52 = T
64,36,14,18,0,8		//  53 = U
80,36,14,18,0,8		//  54 = V
96,36,19,18,0,8		//  55 = W
0,54,15,18,0,8		//  56 = X
16,54,14,18,0,8		//  57 = Y
32,54,12,18,0,8		//  58 = Z




