#SIZE 3

// Level 1
.l1_c1
#DATA 1,227,513
#DATA 256,260,768
#DATA 289,291,801
.l1_c2
#DATA 100,197,612
#DATA 5,7,517
#DATA 36,40,548
#DATA 69,71,581
.l1_c3
#DATA 9,220,521
#DATA 233,279,745
#DATA 297,298,809
#DATA 310,311,822
#DATA 301,302,813
#DATA 306,307,818
#DATA 331,341,843
#DATA 361,439,873
.l1_restore
#DATA 513,739,1
#DATA 768,772,256
#DATA 801,803,289
#DATA 612,709,100
#DATA 517,519,5
#DATA 548,552,36
#DATA 581,583,69
#DATA 521,732,9
#DATA 745,791,233
#DATA 809,810,297
#DATA 822,823,310
#DATA 813,814,301
#DATA 818,819,306
#DATA 843,853,331
#DATA 873,951,361

// Level 2
.l2_c1
#DATA 267,304,779
#DATA 332,335,844
#DATA 236,238,748
#DATA 241,370,753
#DATA 64,128,576
#DATA 192,192,704
#DATA 97,97,768
#DATA 101,101,769
#DATA 128,128,770
#DATA 224,224,771
.l2_c2
#DATA 1,229,513
#DATA 243,311,755
#DATA 248,284,760
#DATA 253,383,765
#DATA 6,234,518
#DATA 770,770,640
#DATA 769,769,613
#DATA 768,768,609
#DATA 771,771,772
.l2_c3
#DATA 12,223,524
#DATA 760,796,824
#DATA 518,746,774
.l2_restore
#DATA 779,816,267
#DATA 844,847,332
#DATA 748,750,236
#DATA 753,882,241
#DATA 576,640,64
#DATA 704,704,192
#DATA 513,741,1
#DATA 755,823,243
#DATA 760,796,248
#DATA 765,895,253
#DATA 524,735,12
#DATA 824,860,248
#DATA 518,746,6
#DATA 774,1002,6
#DATA 609,609,97
#DATA 768,768,97
#DATA 770,770,128
#DATA 640,640,128
#DATA 769,769,101
#DATA 613,613,101
#DATA 771,771,224
#DATA 772,772,224

// Level 3
.l3_c1
#DATA 225,229,737
#DATA 256,261,768
#DATA 288,291,800
#DATA 321,322,833
#DATA 32,128,544
.l3_c2
#DATA 230,458,742
#DATA 267,460,779
#DATA 301,466,813
#DATA 352,388,864
.l3_c3
#DATA 1,212,513
#DATA 864,900,928
.l3_restore
#DATA 737,741,225
#DATA 768,773,256
#DATA 800,803,288
#DATA 833,834,321
#DATA 544,640,32
#DATA 742,970,230
#DATA 779,972,267
#DATA 813,978,301
#DATA 864,900,352
#DATA 513,724,1
#DATA 928,964,352

// Level 4
.l4_c1
#DATA 228,328,740
#DATA 236,339,748
#DATA 244,376,756
#DATA 249,281,761
#DATA 282,282,794
.l4_c2
#DATA 233,299,745
#DATA 53,150,565
#DATA 182,182,694
#DATA 119,151,631
#DATA 152,158,664
#DATA 57,90,569
#DATA 122,122,634
#DATA 28,124,540
#DATA 61,63,573
#DATA 187,220,699
#DATA 252,285,764
#DATA 313,381,825
.l4_c3
#DATA 1,212,513
#DATA 740,744,868
.l4_restore
#DATA 740,840,228
#DATA 748,851,236
#DATA 756,888,244
#DATA 761,793,249
#DATA 794,794,282
#DATA 745,811,233
#DATA 565,662,53
#DATA 694,694,182
#DATA 631,663,119
#DATA 664,670,152
#DATA 569,602,57
#DATA 634,634,122
#DATA 540,636,28
#DATA 573,575,61
#DATA 699,732,187
#DATA 764,797,252
#DATA 825,893,313
#DATA 513,724,1
#DATA 868,872,228

// Level 5
.l5_c1
#DATA 226,228,738
#DATA 232,234,744
#DATA 239,403,751
#DATA 435,435,947
#DATA 257,332,769
#DATA 269,302,781
#DATA 354,419,866
#DATA 449,451,961
#DATA 357,426,869
#DATA 388,388,900
#DATA 363,396,875
#DATA 457,458,969
.l5_c2
#DATA 244,504,756
.l5_c3
#DATA 1,212,513
.l5_restore
#DATA 738,740,226
#DATA 744,746,232
#DATA 751,915,239
#DATA 947,947,435
#DATA 769,844,257
#DATA 781,814,269
#DATA 866,931,354
#DATA 961,963,449
#DATA 869,938,357
#DATA 900,900,388
#DATA 875,908,363
#DATA 969,970,457
#DATA 756,1016,244
#DATA 513,724,1

// Level 6
.l6_c1
#DATA 225,300,737
#DATA 326,362,838
#DATA 322,483,834
#DATA 242,279,754
#DATA 307,311,819
#DATA 340,372,852
#DATA 342,503,854
#DATA 440,507,952
#DATA 377,412,889
#DATA 313,347,825
#DATA 249,281,761
#DATA 251,284,763
#DATA 318,479,830
.l6_c2
#DATA 452,500,964
#DATA 421,421,901
#DATA 424,428,904
#DATA 431,435,943
#DATA 336,402,848
#DATA 241,305,753
.l6_c3
#DATA 901,901,933
#DATA 904,908,936
#DATA 1,212,513
.l6_restore
#DATA 901,901,421
#DATA 904,908,424
#DATA 933,933,421
#DATA 936,940,424
#DATA 964,1012,452
#DATA 943,947,431
#DATA 848,914,336
#DATA 753,817,241
#DATA 737,812,225
#DATA 834,995,322
#DATA 838,874,326
#DATA 754,791,242
#DATA 819,823,307
#DATA 852,884,340
#DATA 854,1015,342
#DATA 952,1019,440
#DATA 889,924,377
#DATA 825,859,313
#DATA 761,793,249
#DATA 763,796,251
#DATA 513,724,1
#DATA 830,991,318

// Level 7
.l7_c1
#DATA 225,261,737
#DATA 289,292,801
#DATA 21,311,533
#DATA 276,276,788
#DATA 280,280,792
#DATA 56,121,568
.l7_c2
#DATA 230,275,742
#DATA 293,393,805
#DATA 299,397,811
#DATA 334,338,814
#DATA 366,402,878
.l7_c3
#DATA 1,212,513
#DATA 814,818,846
#DATA 878,914,942
.l7_restore
#DATA 737,773,225
#DATA 801,804,289
#DATA 533,823,21
#DATA 788,788,276
#DATA 792,792,280
#DATA 568,633,56
#DATA 742,787,230
#DATA 805,905,293
#DATA 811,909,299
#DATA 814,818,334
#DATA 878,914,366
#DATA 513,724,1
#DATA 846,850,334
#DATA 942,978,366

// Level 8
.l8_c1
#DATA 225,451,737
#DATA 228,486,740
#DATA 231,361,743
#DATA 330,492,842
.l8_c2
#DATA 234,302,746
#DATA 239,368,751
#DATA 25,25,537
#DATA 56,378,568
#DATA 87,215,599
#DATA 118,182,630
#DATA 149,149,661
#DATA 91,219,603
#DATA 124,188,636
#DATA 157,157,669
#DATA 343,375,855
#DATA 347,379,859
.l8_c3
#DATA 1,212,513
#DATA 746,750,753
#DATA 810,814,785
.l8_restore
#DATA 737,963,225
#DATA 740,998,228
#DATA 743,873,231
#DATA 842,1004,330
#DATA 746,814,234
#DATA 751,880,239
#DATA 537,537,25
#DATA 568,890,56
#DATA 599,727,87
#DATA 630,694,118
#DATA 661,661,149
#DATA 603,731,91
#DATA 636,700,124
#DATA 669,669,157
#DATA 855,887,343
#DATA 859,891,347
#DATA 513,724,1
#DATA 785,789,298
#DATA 753,757,234

// Trailing dummy...
.dummy
